00000000000000000000000000000111100000000000000000000000000000000000000000000000
00000000000000000001000000001111000000000000000000000000000000000000000000000000
00000000000000000010100000001001000000000000000000000011000000000000000000000000
00000011000000000100011100001111000000000000000000000011000000000000000000000000
00000011000000000100011100000111100000000000000000100000000000000000000000000000
00000000000000000100011100000000100000000000000000100000000000000000000000000000
00000000000000000010100000000000000000000000000000000000000000000000000000000000
00000000000000000001000000000000000000000000000000000000000000000000000000000000
00000000000000000000000000000101000000000000000000000000000000000000000000000000
00000000000000000000000000000011000000000000000000000000000000000000000000000000
00000000000000000000000000000010000000000000000000000000000000000000000000000000
00000000000000000000000000000000000000000000000000000000000000000000000000000000
00000000000000000000000000000000000000000000000000010000000000000000000000000000
00000000000000000000000000000000000000000000000000001100000000000000000000000000
00000000000000000000000000000000000000000000000000011000000000000000000000000000
00000000000000000000000000000000000000000000000000000000000000000000000000000000
00000000000000000000000000000000000000000000000000000000000001010000000000000000
00000000000000000000000000000000000000000000000000000000000000110000000000000000
00000000000000000000000000000000000000000000000000000000000000100000000000000000
00000000000000000000000000000000000000000000000000000000000000000000000000000000
00000000000000000000000000000000000000000000000000000000000000000000000000000000
00000000000000000000000000000000000000000000000000000000000000000001000000000000
00000000000000000000000000000000000000000000000000000000000000000000110000000000
00000000000000000000000000000000000000000000000000000000000000000001100000000000
00000000000000000000000000000000000000000000000000000000000000000000000000000000